Results collected over 10 files

Confusion Matrix:
Correct\Predicted
  ARA	CHI	FRE	GER	HIN	ITA	JPN	KOR	SPA	TEL	TUR
ARA  175	48	69	27	95	93	128	14	104	119	28
CHI  92	124	71	48	57	59	165	23	57	152	52
FRE  68	44	184	63	106	128	97	25	104	58	23
GER  65	33	108	164	108	87	118	16	85	92	24
HIN  81	29	54	36	233	78	105	16	31	218	19
ITA  46	24	104	45	110	300	55	9	97	88	22
JPN  67	58	72	31	72	47	388	32	46	72	15
KOR  72	46	60	37	77	63	353	30	42	93	27
SPA  68	43	85	42	93	138	74	15	233	86	23
TEL  76	50	29	21	146	58	94	20	21	361	24
TUR  67	53	57	45	81	70	188	28	57	202	52


Results by language:
  Correct	FP	Prec	FN	Recall	F1
ARA  175	702	0.200	725	0.194	0.197
CHI  124	428	0.225	776	0.138	0.171
FRE  184	709	0.206	716	0.204	0.205
GER  164	395	0.293	736	0.182	0.225
HIN  233	945	0.198	667	0.259	0.224
ITA  300	821	0.268	600	0.333	0.297
JPN  388	1377	0.220	512	0.431	0.291
KOR  30	198	0.132	870	0.033	0.053
SPA  233	644	0.266	667	0.259	0.262
TEL  361	1180	0.234	539	0.401	0.296
TUR  52	257	0.168	848	0.058	0.086


Results by level:
  Correct	Wrong	Acc	Rel Freq
1 low  286	783	0.268	0.108
2 med  1254	4112	0.234	0.542
3 high  704	2761	0.203	0.350


Results by prompt:
  Correct	Wrong	Acc	Rel Freq
P1  343	1026	0.251	0.138
P2  275	1024	0.212	0.131
P3  281	875	0.243	0.117
P4  233	977	0.193	0.122
P5  265	1103	0.194	0.138
P6  203	572	0.262	0.078
P7  332	1037	0.243	0.138
P8  312	1042	0.230	0.137


Total accuracy:  0.226666666667

Per-fold accuracy:
  Average: 0.2266403
  Range: [0.215054..0.237903]
