Results collected over 10 files

Confusion Matrix:
Correct\Predicted
	ARA	CHI	FRE	GER	HIN	ITA	JPN	KOR	SPA	TEL	TUR
ARA	 27	 45	 47	 32	 28	338	225	 58	 32	 43	 25
CHI	 18	 47	 38	 25	 32	261	314	 66	 21	 46	 32
FRE	 31	 31	 70	 36	 31	383	158	 59	 35	 37	 29
GER	 25	 36	 63	 41	 44	328	182	 65	 38	 54	 24
HIN	 26	 23	 58	 40	 32	350	214	 50	 28	 51	 28
ITA	 27	 33	 59	 32	 24	409	172	 47	 40	 34	 23
JPN	 20	 34	 38	 25	 35	154	424	 77	 23	 44	 26
KOR	 28	 28	 43	 29	 32	167	427	 60	 23	 37	 26
SPA	 24	 35	 65	 31	 36	378	166	 55	 30	 56	 24
TEL	 17	 39	 57	 40	 30	220	330	 73	 18	 44	 32
TUR	 26	 39	 52	 36	 30	239	312	 57	 24	 57	 28


Results by language:
	Correct	FP	Prec	FN	Recall	F1
ARA	 27	242	0.100	873	0.030	0.046
CHI	 47	343	0.121	853	0.052	0.073
FRE	 70	520	0.119	830	0.078	0.094
GER	 41	326	0.112	859	0.046	0.065
HIN	 32	322	0.090	868	0.036	0.051
ITA	409	2818	0.127	491	0.454	0.198
JPN	424	2500	0.145	476	0.471	0.222
KOR	 60	607	0.090	840	0.067	0.077
SPA	 30	282	0.096	870	0.033	0.050
TEL	 44	459	0.087	856	0.049	0.063
TUR	 28	269	0.094	872	0.031	0.047


Results by level:
	Correct	Wrong	Acc	Rel Freq
1 low	 149	 920	0.139	0.108
2 med	 693	4673	0.129	0.542
3 high	 370	3095	0.107	0.350


Results by language, weighted by level:
	Correct	FP	Prec	FN	Recall	F1
ARA	 20.6	162.5	0.113	691.7	0.029	0.046
CHI	 36.5	230.3	0.137	618.0	0.056	0.079
FRE	 39.7	346.2	0.103	539.9	0.068	0.082
GER	 20.2	223.4	0.083	466.3	0.041	0.055
HIN	 16.2	213.9	0.070	483.4	0.032	0.044
ITA	281.2	1858.0	0.131	365.2	0.435	0.202
JPN	328.5	1775.5	0.156	374.8	0.467	0.234
KOR	 44.4	416.2	0.096	629.6	0.066	0.078
SPA	 18.4	192.4	0.087	554.5	0.032	0.047
TEL	 31.2	304.2	0.093	592.9	0.050	0.065
TUR	 19.3	176.2	0.099	582.4	0.032	0.048


Results by prompt:
	Correct	Wrong	Acc	Rel Freq
P1	 162	1207	0.118	0.138
P2	 130	1169	0.100	0.131
P3	 130	1026	0.112	0.117
P4	 177	1033	0.146	0.122
P5	 166	1202	0.121	0.138
P6	  92	 683	0.119	0.078
P7	 186	1183	0.136	0.138
P8	 169	1185	0.125	0.137


Total accuracy:	0.122424242424

Per-fold accuracy:
	Average: 0.1224408
	Range: [0.113636..0.129032]
