Results collected over 10 files

Confusion Matrix:
Correct\Predicted
  ARA	CHI	FRE	GER	HIN	ITA	JPN	KOR	SPA	TEL	TUR
ARA  175	59	22	56	100	95	124	17	50	154	48
CHI  105	99	31	59	94	68	178	22	22	144	78
FRE  81	34	61	174	104	178	85	30	47	77	29
GER  65	22	59	280	71	121	84	20	40	97	41
HIN  59	31	42	66	252	92	45	13	27	224	49
ITA  44	21	67	123	71	338	61	9	44	83	39
JPN  55	38	16	55	56	77	468	21	18	65	31
KOR  72	48	17	92	108	61	339	24	19	86	34
SPA  99	42	43	107	86	167	107	11	90	92	56
TEL  80	38	17	31	140	53	82	15	18	379	47
TUR  110	42	18	70	89	87	123	29	44	188	100


Results by language:
  Correct	FP	Prec	FN	Recall	F1
ARA  175	770	0.185	725	0.194	0.190
CHI  99	375	0.209	801	0.110	0.144
FRE  61	332	0.155	839	0.068	0.094
GER  280	833	0.252	620	0.311	0.278
HIN  252	919	0.215	648	0.280	0.243
ITA  338	999	0.253	562	0.376	0.302
JPN  468	1228	0.276	432	0.520	0.361
KOR  24	187	0.114	876	0.027	0.043
SPA  90	329	0.215	810	0.100	0.136
TEL  379	1210	0.239	521	0.421	0.305
TUR  100	452	0.181	800	0.111	0.138


Results by level:
  Correct	Wrong	Acc	Rel Freq
1 low  297	772	0.278	0.108
2 med  1259	4107	0.235	0.542
3 high  710	2755	0.205	0.350


Results by prompt:
  Correct	Wrong	Acc	Rel Freq
P1  372	997	0.272	0.138
P2  269	1030	0.207	0.131
P3  288	868	0.249	0.117
P4  222	988	0.183	0.122
P5  311	1057	0.227	0.138
P6  177	598	0.228	0.078
P7  324	1045	0.237	0.138
P8  303	1051	0.224	0.137


Total accuracy:  0.228888888889

Per-fold accuracy:
  Average: 0.2288807
  Range: [0.217221..0.249255]
