

Confusion Matrix:
Correct\Predicted
	ARA	CHI	FRE	GER	HIN	ITA	JPN	KOR	SPA	TEL	TUR
ARA	261	71	26	68	76	57	43	56	108	114	20
CHI	52	309	40	54	44	73	92	110	68	25	33
FRE	70	126	101	85	75	134	77	70	107	39	16
GER	56	70	42	257	109	123	26	38	50	116	13
HIN	68	25	17	81	298	45	18	54	40	239	15
ITA	75	69	66	85	71	285	46	39	92	64	8
JPN	30	132	28	45	32	55	262	223	59	15	19
KOR	34	115	36	39	61	36	182	317	36	27	17
SPA	120	88	58	59	50	113	64	46	226	50	26
TEL	77	30	9	72	169	41	11	54	31	387	19
TUR	84	85	24	89	85	76	75	82	64	190	46


Results by language:
	Correct	Wrong	Accuracy
ARA	261	639	0.290
CHI	309	591	0.343
FRE	101	799	0.112
GER	257	643	0.286
HIN	298	602	0.331
ITA	285	615	0.317
JPN	262	638	0.291
KOR	317	583	0.352
SPA	226	674	0.251
TEL	387	513	0.430
TUR	46	854	0.051


Results by level:
	Correct	Wrong	Accuracy
high	873	2592	0.252
low	359	710	0.336
medium	1517	3849	0.283


Results by prompt:
	Correct	Wrong	Accuracy
P1	396	973	0.289
P2	356	943	0.274
P3	357	799	0.309
P4	324	886	0.268
P5	368	1000	0.269
P6	203	572	0.262
P7	356	1013	0.260
P8	389	965	0.287


Total accuracy:	0.277676767677

Per-fold accuracy:
	Average: 0.2778205
	Range: [0.248532..0.295455]
