

Confusion Matrix:
Correct\Predicted
	ARA	CHI	FRE	GER	HIN	ITA	JPN	KOR	SPA	TEL	TUR
ARA	34	75	33	45	21	127	147	46	153	192	27
CHI	40	188	21	44	17	74	176	99	162	65	14
FRE	35	91	74	73	12	200	130	43	125	80	37
GER	21	71	27	163	38	124	122	47	49	215	23
HIN	30	47	12	101	74	54	125	53	49	329	26
ITA	21	54	39	30	16	394	71	42	125	100	8
JPN	23	104	17	35	22	66	315	90	84	125	19
KOR	37	119	12	72	32	80	236	107	76	110	19
SPA	27	94	44	36	14	172	150	39	246	56	22
TEL	20	35	6	68	54	49	118	45	52	443	10
TUR	53	58	30	70	58	58	171	58	63	214	67


Results by language:
	Correct	Wrong	Accuracy
ARA	34	866	0.038
CHI	188	712	0.209
FRE	74	826	0.082
GER	163	737	0.181
HIN	74	826	0.082
ITA	394	506	0.438
JPN	315	585	0.350
KOR	107	793	0.119
SPA	246	654	0.273
TEL	443	457	0.492
TUR	67	833	0.074


Results by level:
	Correct	Wrong	Accuracy
high	678	2787	0.196
low	209	860	0.196
medium	1218	4148	0.227


Results by prompt:
	Correct	Wrong	Accuracy
P1	279	1090	0.204
P2	278	1021	0.214
P3	242	914	0.209
P4	258	952	0.213
P5	280	1088	0.205
P6	153	622	0.197
P7	310	1059	0.226
P8	305	1049	0.225


Total accuracy:	0.212626262626

Per-fold accuracy:
	Average: 0.2126523
	Range: [0.200391..0.230387]
