Results collected over 10 files

Confusion Matrix:
Correct\Predicted
	ARA	CHI	FRE	GER	HIN	ITA	JPN	KOR	SPA	TEL	TUR
ARA	246	 52	 45	 50	 86	 77	 99	  7	122	109	  7
CHI	 71	153	 46	 61	 76	 51	231	 14	 48	146	  3
FRE	 75	 58	124	 64	103	124	141	 16	114	 75	  6
GER	 97	 57	109	 69	110	124	133	  6	 85	104	  6
HIN	131	 45	 50	 43	240	 89	 76	 12	 56	148	 10
ITA	 68	 42	 61	 29	109	234	 59	 10	187	 96	  5
JPN	 91	 92	 52	 39	 53	 44	363	 38	 50	 72	  6
KOR	100	 59	 44	 41	 58	 56	397	 23	 42	 77	  3
SPA	118	 32	 70	 38	 75	162	 63	 14	219	104	  5
TEL	119	 58	 28	 34	147	 59	 95	 11	 66	278	  5
TUR	 88	 79	 47	 65	114	 85	191	 25	 64	129	 13


Results by language:
	Correct	FP	Prec	FN	Recall	F1
ARA	246	958	0.204	654	0.273	0.234
CHI	153	574	0.210	747	0.170	0.188
FRE	124	552	0.183	776	0.138	0.157
GER	 69	464	0.129	831	0.077	0.096
HIN	240	931	0.205	660	0.267	0.232
ITA	234	871	0.212	666	0.260	0.233
JPN	363	1485	0.196	537	0.403	0.264
KOR	 23	153	0.131	877	0.026	0.043
SPA	219	834	0.208	681	0.243	0.224
TEL	278	1060	0.208	622	0.309	0.248
TUR	 13	 56	0.188	887	0.014	0.027


Results by level:
	Correct	Wrong	Acc	Rel Freq
1 low	 262	 807	0.245	0.108
2 med	1105	4261	0.206	0.542
3 high	 595	2870	0.172	0.350


Results by language, weighted by level:
	Correct	FP	Prec	FN	Recall	F1
ARA	197.1	633.3	0.237	515.2	0.277	0.256
CHI	114.9	422.4	0.214	539.6	0.176	0.193
FRE	 77.6	347.0	0.183	501.9	0.134	0.155
GER	 36.7	316.3	0.104	449.8	0.075	0.088
HIN	116.4	568.6	0.170	383.2	0.233	0.197
ITA	171.5	534.0	0.243	474.9	0.265	0.254
JPN	301.3	1101.8	0.215	402.0	0.428	0.286
KOR	 18.1	110.2	0.141	656.0	0.027	0.045
SPA	149.9	569.7	0.208	423.0	0.262	0.232
TEL	197.7	726.3	0.214	426.4	0.317	0.255
TUR	 10.0	 33.8	0.229	591.6	0.017	0.031


Results by prompt:
	Correct	Wrong	Acc	Rel Freq
P1	 318	1051	0.232	0.138
P2	 247	1052	0.190	0.131
P3	 256	 900	0.221	0.117
P4	 238	 972	0.197	0.122
P5	 245	1123	0.179	0.138
P6	 133	 642	0.172	0.078
P7	 266	1103	0.194	0.138
P8	 259	1095	0.191	0.137


Total accuracy:	0.198181818182

Per-fold accuracy:
	Average: 0.1981871
	Range: [0.184476..0.207547]
