Results collected over 10 files

Confusion Matrix:
Correct\Predicted
  ARA	CHI	FRE	GER	HIN	ITA	JPN	KOR	SPA	TEL	TUR
ARA  417	  9	 27	 59	127	 50	 50	 59	 21	 57	 24
CHI  192	 13	 39	 89	287	 54	 35	 59	 29	 79	 24
FRE  197	 18	 30	 93	255	 43	 40	 78	 35	 81	 30
GER   86	 11	 47	108	342	 44	 38	 60	 32	104	 28
HIN  113	 29	 39	 83	373	 38	 39	 65	 30	 74	 17
ITA  321	 14	 26	 65	170	 54	 50	 67	 24	 88	 21
JPN  409	 12	 29	 49	161	 35	 46	 50	 23	 61	 25
KOR  310	 15	 31	 65	211	 47	 45	 56	 27	 77	 16
SPA  156	 22	 55	 90	277	 46	 41	 74	 25	 86	 28
TEL  211	 24	 45	 85	227	 58	 53	 64	 31	 73	 29
TUR  239	 21	 42	 82	256	 45	 61	 66	 18	 55	 15


Results by language:
  Correct	FP	Prec	FN	Recall	F1
ARA  417	2234	0.157	483	0.463	0.235
CHI   13	175	0.069	887	0.014	0.024
FRE   30	380	0.073	870	0.033	0.046
GER  108	760	0.124	792	0.120	0.122
HIN  373	2313	0.139	527	0.414	0.208
ITA   54	460	0.105	846	0.060	0.076
JPN   46	452	0.092	854	0.051	0.066
KOR   56	642	0.080	844	0.062	0.070
SPA   25	270	0.085	875	0.028	0.042
TEL   73	762	0.087	827	0.081	0.084
TUR   15	242	0.058	885	0.017	0.026


Results by level:
  Correct	Wrong	Acc	Rel Freq
1 low   230	 839	0.215	0.108
2 med   513	4853	0.096	0.542
3 high   467	2998	0.135	0.350


Results by language, weighted by level:
  Correct	FP	Prec	FN	Recall	F1
ARA  378.2	1927.2	0.164	334.2	0.531	0.251
CHI   10.5	107.5	0.089	644.0	0.016	0.027
FRE   16.8	249.8	0.063	562.8	0.029	0.040
GER   51.8	459.9	0.101	434.7	0.107	0.104
HIN  165.9	1202.8	0.121	333.7	0.332	0.178
ITA   40.5	341.1	0.106	605.9	0.063	0.079
JPN   37.4	348.5	0.097	665.8	0.053	0.069
KOR   43.5	455.9	0.087	630.6	0.064	0.074
SPA   14.6	168.4	0.080	558.4	0.025	0.039
TEL   51.0	505.1	0.092	573.1	0.082	0.086
TUR   10.7	167.8	0.060	590.9	0.018	0.028


Results by prompt:
  Correct	Wrong	Acc	Rel Freq
P1   169	1200	0.123	0.138
P2   141	1158	0.109	0.131
P3   184	 972	0.159	0.117
P4   126	1084	0.104	0.122
P5   192	1176	0.140	0.138
P6    93	 682	0.120	0.078
P7   146	1223	0.107	0.138
P8   159	1195	0.117	0.137


Total accuracy:  0.122222222222

Per-fold accuracy:
  Average: 0.1223
  Range: [0.107527..0.136008]
