Results collected over 10 files

Confusion Matrix:
Correct\Predicted
	ARA	CHI	FRE	GER	HIN	ITA	JPN	KOR	SPA	TEL	TUR
ARA	 16	 22	 25	 59	267	314	 18	 39	 57	 76	  7
CHI	 29	 26	 43	 69	253	260	 14	 34	 65	 98	  9
FRE	 29	 24	 25	 65	215	336	 19	 37	 50	 83	 17
GER	 27	 19	 46	 56	158	398	 17	 32	 68	 68	 11
HIN	 24	 27	 32	 38	394	170	 14	 45	 37	105	 14
ITA	 17	 21	 49	 51	 94	502	 11	 26	 61	 54	 14
JPN	 27	 21	 33	 54	252	289	 26	 50	 55	 79	 14
KOR	 31	 21	 27	 51	323	238	 24	 21	 52	105	  7
SPA	 30	 15	 28	 45	164	452	 14	 33	 48	 60	 11
TEL	 19	 28	 31	 43	363	213	 11	 44	 45	 91	 12
TUR	 30	 20	 43	 62	272	252	 15	 38	 46	107	 15


Results by language:
	Correct	FP	Prec	FN	Recall	F1
ARA	 16	263	0.057	884	0.018	0.027
CHI	 26	218	0.107	874	0.029	0.045
FRE	 25	357	0.065	875	0.028	0.039
GER	 56	537	0.094	844	0.062	0.075
HIN	394	2361	0.143	506	0.438	0.216
ITA	502	2922	0.147	398	0.558	0.232
JPN	 26	157	0.142	874	0.029	0.048
KOR	 21	378	0.053	879	0.023	0.032
SPA	 48	536	0.082	852	0.053	0.065
TEL	 91	835	0.098	809	0.101	0.100
TUR	 15	116	0.115	885	0.017	0.029


Results by level:
	Correct	Wrong	Acc	Rel Freq
1 low	  92	 977	0.086	0.108
2 med	 619	4747	0.115	0.542
3 high	 509	2956	0.147	0.350


Results by language, weighted by level:
	Correct	FP	Prec	FN	Recall	F1
ARA	 11.7	181.5	0.061	700.6	0.016	0.026
CHI	 17.8	145.9	0.109	636.7	0.027	0.044
FRE	 16.3	236.0	0.065	563.2	0.028	0.039
GER	 31.2	377.3	0.076	455.3	0.064	0.070
HIN	203.9	1651.5	0.110	295.7	0.408	0.173
ITA	374.5	2037.1	0.155	271.9	0.579	0.245
JPN	 20.4	 99.8	0.170	682.8	0.029	0.050
KOR	 16.2	248.1	0.061	657.8	0.024	0.035
SPA	 28.3	362.1	0.072	544.7	0.049	0.059
TEL	 56.5	554.2	0.093	567.6	0.091	0.092
TUR	  9.3	 75.1	0.110	592.4	0.015	0.027


Results by prompt:
	Correct	Wrong	Acc	Rel Freq
P1	 196	1173	0.143	0.138
P2	 146	1153	0.112	0.131
P3	 195	 961	0.169	0.117
P4	 124	1086	0.102	0.122
P5	 192	1176	0.140	0.138
P6	  40	 735	0.052	0.078
P7	 162	1207	0.118	0.138
P8	 165	1189	0.122	0.137


Total accuracy:	0.123232323232

Per-fold accuracy:
	Average: 0.1232444
	Range: [0.109072..0.141129]
