Results collected over 10 files

Confusion Matrix:
Correct\Predicted
	ARA	CHI	FRE	GER	HIN	ITA	JPN	KOR	SPA	TEL	TUR
ARA	 73	 95	 34	 93	 94	103	110	 22	 29	203	 44
CHI	 42	237	 36	 78	 76	 58	125	 37	 31	126	 54
FRE	 20	 91	233	117	 96	106	 78	 32	 23	 75	 29
GER	 18	 45	 46	320	 83	103	 68	 28	 27	128	 34
HIN	 28	 59	 26	 96	246	 58	 52	 31	 18	275	 11
ITA	 23	 37	 24	 91	 69	396	 95	 14	 33	101	 17
JPN	 21	 91	 27	 61	 49	 95	384	 44	 28	 51	 49
KOR	 32	152	 45	 78	 71	 53	286	 48	 20	 61	 54
SPA	 37	 77	 27	109	120	171	114	 20	 55	137	 33
TEL	 32	 48	  8	 69	151	 53	 36	 12	 17	466	  8
TUR	 46	116	 35	107	122	 93	 80	 33	 23	150	 95


Results by language:
	Correct	FP	Prec	FN	Recall	F1
ARA	 73	299	0.196	827	0.081	0.115
CHI	237	811	0.226	663	0.263	0.243
FRE	233	308	0.431	667	0.259	0.323
GER	320	899	0.263	580	0.356	0.302
HIN	246	931	0.209	654	0.273	0.237
ITA	396	893	0.307	504	0.440	0.362
JPN	384	1044	0.269	516	0.427	0.330
KOR	 48	273	0.150	852	0.053	0.079
SPA	 55	249	0.181	845	0.061	0.091
TEL	466	1307	0.263	434	0.518	0.349
TUR	 95	333	0.222	805	0.106	0.143


Results by level:
	Correct	Wrong	Acc	Rel Freq
1 low	 261	 808	0.244	0.108
2 med	1457	3909	0.272	0.542
3 high	 835	2630	0.241	0.350


Results by language, weighted by level:
	Correct	FP	Prec	FN	Recall	F1
ARA	 61.3	215.3	0.222	651.1	0.086	0.124
CHI	166.9	532.6	0.239	487.6	0.255	0.246
FRE	137.9	193.2	0.416	441.7	0.238	0.303
GER	179.8	631.3	0.222	306.7	0.370	0.277
HIN	134.2	596.9	0.184	365.4	0.269	0.218
ITA	298.0	623.8	0.323	348.4	0.461	0.380
JPN	307.6	712.6	0.301	395.7	0.437	0.357
KOR	 35.9	160.4	0.183	638.2	0.053	0.082
SPA	 32.5	167.6	0.162	540.5	0.057	0.084
TEL	348.6	918.4	0.275	275.5	0.559	0.369
TUR	 65.4	234.9	0.218	536.3	0.109	0.145


Results by prompt:
	Correct	Wrong	Acc	Rel Freq
P1	 380	 989	0.278	0.138
P2	 320	 979	0.246	0.131
P3	 332	 824	0.287	0.117
P4	 262	 948	0.217	0.122
P5	 339	1029	0.248	0.138
P6	 169	 606	0.218	0.078
P7	 393	 976	0.287	0.138
P8	 358	 996	0.264	0.137


Total accuracy:	0.257878787879

Per-fold accuracy:
	Average: 0.2578088
	Range: [0.233871..0.268595]
