

Confusion Matrix:
Correct\Predicted
	ARA	CHI	FRE	GER	HIN	ITA	JPN	KOR	SPA	TEL	TUR
ARA	283	67	31	44	86	65	33	24	130	100	37
CHI	43	322	58	35	39	46	127	57	74	27	72
FRE	70	112	176	105	72	112	45	38	109	32	29
GER	36	48	56	350	113	92	21	25	43	83	33
HIN	66	28	31	85	310	44	13	26	32	228	37
ITA	62	39	79	96	57	357	15	17	117	53	8
JPN	23	134	40	32	39	19	444	66	41	21	41
KOR	21	124	33	36	86	21	375	103	30	26	45
SPA	109	60	81	60	44	145	22	28	279	47	25
TEL	72	20	14	47	175	44	16	26	39	405	42
TUR	73	82	31	84	90	50	103	43	52	161	131


Results by language:
	Correct	Wrong	Accuracy
ARA	283	617	0.314
CHI	322	578	0.358
FRE	176	724	0.196
GER	350	550	0.389
HIN	310	590	0.344
ITA	357	543	0.397
JPN	444	456	0.493
KOR	103	797	0.114
SPA	279	621	0.310
TEL	405	495	0.450
TUR	131	769	0.146


Results by level:
	Correct	Wrong	Accuracy
high	983	2482	0.284
low	394	675	0.369
medium	1783	3583	0.332


Results by prompt:
	Correct	Wrong	Accuracy
P1	452	917	0.330
P2	406	893	0.313
P3	394	762	0.341
P4	386	824	0.319
P5	415	953	0.303
P6	240	535	0.310
P7	428	941	0.313
P8	439	915	0.324


Total accuracy:	0.319191919192

Per-fold accuracy:
	Average: 0.3192203
	Range: [0.306761..0.344008]
