Results collected over 10 files

Confusion Matrix:
Correct\Predicted
	ARA	CHI	FRE	GER	HIN	ITA	JPN	KOR	SPA	TEL	TUR
ARA	138	 61	 33	131	 71	 40	 92	 38	 69	201	 26
CHI	 54	108	 53	134	 58	 25	220	 40	 86	106	 16
FRE	 47	 47	 65	228	 81	 36	155	 23	114	 91	 13
GER	 43	 46	 37	403	 64	 22	108	 35	 67	 51	 24
HIN	 67	 60	 29	121	150	 50	100	 31	 36	237	 19
ITA	 63	 43	 51	192	 79	 54	178	 28	 71	130	 11
JPN	 21	 68	 30	162	 48	 18	362	 39	 46	 84	 22
KOR	 29	 62	 31	172	 48	 27	269	 54	 47	133	 28
SPA	 57	 64	 42	237	 55	 31	135	 30	133	 91	 25
TEL	 51	 40	 21	 59	110	 31	 98	 43	 12	416	 19
TUR	 60	 80	 30	171	 62	 26	165	 47	 88	132	 39


Results by language:
	Correct	FP	Prec	FN	Recall	F1
ARA	138	492	0.219	762	0.153	0.180
CHI	108	571	0.159	792	0.120	0.137
FRE	 65	357	0.154	835	0.072	0.098
GER	403	1607	0.200	497	0.448	0.277
HIN	150	676	0.182	750	0.167	0.174
ITA	 54	306	0.150	846	0.060	0.086
JPN	362	1520	0.192	538	0.402	0.260
KOR	 54	354	0.132	846	0.060	0.083
SPA	133	636	0.173	767	0.148	0.159
TEL	416	1256	0.249	484	0.462	0.323
TUR	 39	203	0.161	861	0.043	0.068


Results by level:
	Correct	Wrong	Acc	Rel Freq
1 low	 218	 851	0.204	0.108
2 med	1076	4290	0.201	0.542
3 high	 628	2837	0.181	0.350


Results by language, weighted by level:
	Correct	FP	Prec	FN	Recall	F1
ARA	116.5	363.3	0.243	595.8	0.164	0.195
CHI	 78.1	383.4	0.169	576.3	0.119	0.140
FRE	 42.9	246.0	0.149	536.6	0.074	0.099
GER	213.3	1043.3	0.170	273.2	0.438	0.245
HIN	 78.3	436.6	0.152	421.3	0.157	0.154
ITA	 42.7	211.3	0.168	603.8	0.066	0.095
JPN	292.5	1018.6	0.223	410.8	0.416	0.290
KOR	 43.0	241.3	0.151	631.1	0.064	0.090
SPA	 90.0	434.7	0.171	483.0	0.157	0.164
TEL	310.4	903.6	0.256	313.7	0.497	0.338
TUR	 27.1	137.9	0.164	574.6	0.045	0.071


Results by prompt:
	Correct	Wrong	Acc	Rel Freq
P1	 291	1078	0.213	0.138
P2	 251	1048	0.193	0.131
P3	 247	 909	0.214	0.117
P4	 192	1018	0.159	0.122
P5	 223	1145	0.163	0.138
P6	 161	 614	0.208	0.078
P7	 289	1080	0.211	0.138
P8	 268	1086	0.198	0.137


Total accuracy:	0.194141414141

Per-fold accuracy:
	Average: 0.1941862
	Range: [0.182796..0.213347]
