Results collected over 10 files

Confusion Matrix:
Correct\Predicted
	ARA	CHI	FRE	GER	HIN	ITA	JPN	KOR	SPA	TEL	TUR
ARA	 60	  2	  5	165	 67	  2	513	 65	  8	 10	  3
CHI	 61	  2	  2	185	 87	  0	474	 71	  3	 10	  5
FRE	 62	  0	  5	252	 82	  2	408	 61	  4	 15	  9
GER	 48	  5	 14	260	103	  4	393	 44	  3	 18	  8
HIN	 69	  2	  9	257	 89	  6	385	 52	  5	 20	  6
ITA	 65	  3	  8	198	 77	  2	459	 57	  7	 23	  1
JPN	 81	  0	  3	151	 63	  0	513	 75	  3	  8	  3
KOR	 68	  2	  6	157	 61	  0	526	 62	  3	 15	  0
SPA	 60	  2	  7	227	 73	  4	450	 62	  1	 11	  3
TEL	 56	  6	 10	238	 88	  6	401	 61	  8	 20	  6
TUR	 65	  3	  8	229	 83	  4	412	 54	  6	 30	  6


Results by language:
	Correct	FP	Prec	FN	Recall	F1
ARA	 60	635	0.086	840	0.067	0.075
CHI	  2	 25	0.074	898	0.002	0.004
FRE	  5	 72	0.065	895	0.006	0.010
GER	260	2059	0.112	640	0.289	0.162
HIN	 89	784	0.102	811	0.099	0.100
ITA	  2	 28	0.067	898	0.002	0.004
JPN	513	4421	0.104	387	0.570	0.176
KOR	 62	602	0.093	838	0.069	0.079
SPA	  1	 50	0.020	899	0.001	0.002
TEL	 20	160	0.111	880	0.022	0.037
TUR	  6	 44	0.120	894	0.007	0.013


Results by level:
	Correct	Wrong	Acc	Rel Freq
1 low	 153	 916	0.143	0.108
2 med	 520	4846	0.097	0.542
3 high	 347	3118	0.100	0.350


Results by language, weighted by level:
	Correct	FP	Prec	FN	Recall	F1
ARA	 48.2	447.5	0.097	664.2	0.068	0.080
CHI	  0.7	 14.7	0.045	653.8	0.001	0.002
FRE	  2.7	 42.0	0.061	576.8	0.005	0.009
GER	131.2	1295.0	0.092	355.3	0.270	0.137
HIN	 45.3	494.4	0.084	454.2	0.091	0.087
ITA	  0.7	 17.7	0.038	645.7	0.001	0.002
JPN	414.0	3153.4	0.116	289.2	0.589	0.194
KOR	 50.0	418.4	0.107	624.1	0.074	0.087
SPA	  0.3	 34.9	0.010	572.6	0.001	0.001
TEL	 11.5	103.1	0.100	612.6	0.018	0.031
TUR	  3.2	 25.9	0.111	598.4	0.005	0.010


Results by prompt:
	Correct	Wrong	Acc	Rel Freq
P1	 133	1236	0.097	0.138
P2	 138	1161	0.106	0.131
P3	 132	1024	0.114	0.117
P4	 125	1085	0.103	0.122
P5	 130	1238	0.095	0.138
P6	  99	 676	0.128	0.078
P7	 132	1237	0.096	0.138
P8	 131	1223	0.097	0.137


Total accuracy:	0.10303030303

Per-fold accuracy:
	Average: 0.10296767
	Range: [0.0909091..0.113911]
