Results collected over 10 files

Confusion Matrix:
Correct\Predicted
  ARA	CHI	FRE	GER	HIN	ITA	JPN	KOR	SPA	TEL	TUR
ARA  224	  8	 19	263	 17	 79	 42	 23	 28	177	 20
CHI  176	 13	 21	330	 15	 72	 66	 28	 24	127	 28
FRE  155	 16	 18	382	 17	 60	 63	 32	 28	101	 28
GER  118	 13	 26	462	 27	 46	 62	 27	 15	 79	 25
HIN  206	 11	 27	317	 13	 75	 54	 17	 18	128	 34
ITA  234	  8	 21	264	 20	 64	 57	 24	 22	168	 18
JPN  136	  4	 23	443	 15	 67	 47	 25	 24	 99	 17
KOR  188	 15	 24	368	 15	 58	 57	 19	 22	115	 19
SPA  186	 13	 26	329	 14	 65	 64	 28	 18	134	 23
TEL  260	 13	 22	252	 15	 87	 42	 22	 25	142	 20
TUR  159	 24	 23	348	 23	 63	 57	 25	 17	125	 36


Results by language:
  Correct	FP	Prec	FN	Recall	F1
ARA  224	1818	0.110	676	0.249	0.152
CHI   13	125	0.094	887	0.014	0.025
FRE   18	232	0.072	882	0.020	0.031
GER  462	3296	0.123	438	0.513	0.198
HIN   13	178	0.068	887	0.014	0.024
ITA   64	672	0.087	836	0.071	0.078
JPN   47	564	0.077	853	0.052	0.062
KOR   19	251	0.070	881	0.021	0.032
SPA   18	223	0.075	882	0.020	0.032
TEL  142	1253	0.102	758	0.158	0.124
TUR   36	232	0.134	864	0.040	0.062


Results by level:
  Correct	Wrong	Acc	Rel Freq
1 low   145	 924	0.136	0.108
2 med   486	4880	0.091	0.542
3 high   425	3040	0.123	0.350


Results by language, weighted by level:
  Correct	FP	Prec	FN	Recall	F1
ARA  192.4	1392.4	0.121	519.9	0.270	0.168
CHI    9.1	 81.2	0.100	645.4	0.014	0.024
FRE   13.6	154.5	0.081	566.0	0.023	0.036
GER  235.3	2038.1	0.103	251.2	0.484	0.170
HIN    7.0	119.0	0.055	492.6	0.014	0.022
ITA   49.7	486.3	0.093	596.7	0.077	0.084
JPN   36.2	354.3	0.093	667.1	0.051	0.066
KOR   13.3	168.9	0.073	660.8	0.020	0.031
SPA   11.3	155.3	0.068	561.7	0.020	0.031
TEL  110.0	955.3	0.103	514.2	0.176	0.130
TUR   21.2	151.0	0.123	580.5	0.035	0.055


Results by prompt:
  Correct	Wrong	Acc	Rel Freq
P1   168	1201	0.123	0.138
P2   140	1159	0.108	0.131
P3   138	1018	0.119	0.117
P4    88	1122	0.073	0.122
P5   154	1214	0.113	0.138
P6    63	 712	0.081	0.078
P7   142	1227	0.104	0.138
P8   163	1191	0.120	0.137


Total accuracy:  0.106666666667

Per-fold accuracy:
  Average: 0.10676573
  Range: [0.0963257..0.116788]

